37 1 75
112 2 82
194 3 94
288 4 107
395 5 125
520 6 147
667 7 176
843 8 219
1062 9 269
1331 10 333
1664 11 391
2055 12 450
2505 13 495
3000 14 500
3500 15 500
4000 16 500
4500 17 500
5000 18 500
5500 19 500
6000 20 500
6500 21 500
7000 22 500
7500 23 500
8000 24 500
8500 25 500
9000 26 500
9500 27 500
10000 28 500
10500 29 500
11000 30 500
11500 31 500
12000 32 500
12500 33 500
13000 34 500
13500 35 500
14000 36 500
14500 37 500
15000 38 500
15500 39 500
16000 40 500
16500 41 500
17000 42 500
17500 43 500
18000 44 500
18500 45 500
19000 46 500
19500 47 500
20000 48 500
20500 49 500
21000 50 500
21500 51 500
22000 52 500
22500 53 500
23000 54 500
23500 55 500
24000 56 500
24500 57 500
25000 58 500
25500 59 500
26000 60 500
26500 61 500
27000 62 500
27500 63 500
28000 64 500
28500 65 500
29000 66 500
29500 67 500
30000 68 500
30500 69 500
31000 70 500
31500 71 500
32000 72 500
